00000000001000000010010000000000
00000000010000000010010000000000
00000000011001100010010000000000
00000000100001100010010000000000
00000000110001100010010000000000
00000000111001101000000000000000
00000001000001100010010000000000
00000001000001100010010000000000
00000001010001100010010000000000
00000100100001101000000000000011
00001000000001101000000000000000
00001001000001101000000000000000
00001010000001100000000000000000
00001011000001100000000000000000
00001101000001101000000000000001
